>> Main
******** Base Ecoli **********
0..10..20..30..40..50..60..70..80..90..100

ans =

    0.8485    0.7576    0.8788    0.8182    0.8485    0.7879    0.8485    0.8182    0.7576    0.6667
         0         0         0         0         0         0         0         0         0         0
    0.8485    0.7576    0.8788    0.8182    0.8485    0.7576    0.7879    0.7879    0.7576    0.6667
    0.1947    0.1848    0.1947    0.2046    0.2112    0.1914    0.2178    0.2178    0.2079    0.2079
    0.8788    0.8182    0.8182    0.8485    0.8485    0.8182    0.7576    0.8182    0.8485    0.7273
    0.3267    0.3168    0.3201    0.3234    0.3399    0.3234    0.3366    0.3432    0.3333    0.3399
    0.8788    0.7879    0.8485    0.9394    0.8485    0.8788    0.7879    0.7576    0.8182    0.6970
    0.5083    0.4983    0.4917    0.5908    0.5149    0.5083    0.4818    0.5116    0.5215    0.5281
    0.8788    0.8485    0.8182    0.7879    0.8485    0.8788    0.8485    0.7576    0.7879    0.6970
    0.8548    0.8581    0.8482    0.8482    0.8416    0.8350    0.8218    0.8614    0.8284    0.8515
    0.8788    0.8788    0.8485    0.8485    0.8788    0.9091    0.8788    0.8182    0.8485    0.7273
    0.1914    0.1815    0.1914    0.1947    0.1914    0.1914    0.1980    0.2046    0.1749    0.1617
    0.8788    0.9394    0.8182    0.8788    0.9091    0.8485    0.8485    0.7879    0.8485    0.7879
    0.7096    0.6931    0.7063    0.7261    0.7096    0.7228    0.7129    0.7096    0.7030    0.7063

HMN-C,E,EI: 0.80303	0	0.79091	0.2033	0.81818	0.33036	0.82424	0.51551	0.81515	0.84488	0.85152	0.18812	0.85455	0.7099
Elapsed time is 6.901240 seconds.
******** Base Breastc **********
0..10..20..30..40..50..60..70..80..90..100

ans =

    0.9107    0.8750    0.9464    0.9464    0.9643    0.9286    0.8036    0.9286    0.8571    0.9286
         0         0         0         0         0         0         0         0         0         0
    0.9107    0.8571    0.9464    0.9286    0.9464    0.9286    0.8036    0.9464    0.8571    0.9107
    0.2846    0.2788    0.2827    0.2788    0.2729    0.2788    0.2690    0.2827    0.2729    0.2904
    0.9107    0.8571    0.9821    0.9821    0.9821    0.9286    0.7679    0.9464    0.8929    0.9464
    0.3665    0.3606    0.3821    0.3723    0.3704    0.3684    0.3528    0.3704    0.3665    0.3762
    0.9286    0.8750    0.9821    0.9643    1.0000    0.9286    0.7679    0.9464    0.9107    0.9643
    0.4776    0.4795    0.4990    0.4893    0.4834    0.4990    0.4834    0.4990    0.4854    0.4834
    0.9286    0.8750    0.9643    0.7500    0.9821    0.9286    0.7143    0.9464    0.7857    0.9464
    0.9376    0.9181    0.9162    0.9259    0.9181    0.9259    0.9532    0.9493    0.9337    0.9201
    0.9286    0.8929    0.9821    0.9464    0.9821    0.9286    0.7857    0.9464    0.8571    0.9286
    0.0838    0.0702    0.0858    0.0955    0.0897    0.0760    0.0799    0.0858    0.0799    0.0877
    0.9286    0.8393    0.9821    0.9464    0.9643    0.9107    0.7857    0.9464    0.9107    0.9464
    0.6745    0.6686    0.6725    0.6686    0.6764    0.6784    0.6901    0.6764    0.6842    0.6745

HMN-C,E,EI: 0.90893	0	0.90357	0.27914	0.91964	0.36862	0.92679	0.48791	0.88214	0.92982	0.91786	0.083431	0.91607	0.67641
Elapsed time is 15.371964 seconds.
******** Base Iris **********
0..10..20..30..40..50..60..70..80..90..100

ans =

    0.9667    0.9667    0.9000    0.9333    1.0000    0.9333    0.9333    0.9333    0.9333    0.9333
         0         0         0         0         0         0         0         0         0         0
    0.9667    1.0000    0.8667    0.9333    1.0000    0.9333    0.9333    0.9333    0.9333    0.9333
    0.2500    0.2750    0.2417    0.2167    0.2333    0.2250    0.2333    0.2583    0.2333    0.2667
    0.9333    1.0000    0.9000    0.9333    1.0000    0.9333    0.9333    0.9333    0.9000    0.8667
    0.3917    0.4083    0.3583    0.3750    0.3667    0.3583    0.4167    0.4000    0.3833    0.4333
    0.9333    0.9667    0.9333    0.9333    1.0000    0.9333    0.9333    1.0000    0.8667    0.9000
    0.5750    0.6583    0.6417    0.7667    0.5500    0.7083    0.6000    0.6000    0.7083    0.5667
    0.9333    0.8333    0.8667    0.9333    1.0000    0.9000    0.9667    0.9333    0.9000    0.8333
    0.7667    0.7417    0.7000    0.5667    0.5750    0.5750    0.7667    0.7250    0.6917    0.5833
    0.9667    0.9667    0.9000    0.9333    1.0000    0.9333    0.9333    0.9333    0.9000    0.9000
    0.0333    0.0417    0.0250    0.0250    0.0500    0.0333    0.0500    0.0417    0.0333    0.0333
    0.9667    0.9667    0.9333    0.9333    1.0000    0.9667    0.9333    0.9333    0.9000    0.8667
    0.6583    0.6667    0.6500    0.6583    0.6667    0.7000    0.6500    0.6667    0.6500    0.6833

HMN-C,E,EI: 0.94333	0	0.94333	0.24333	0.93333	0.38917	0.94	0.6375	0.91	0.66917	0.93667	0.036667	0.94	0.665
Elapsed time is 2.256407 seconds.
******** Base Wbreast **********
0..10..20..30..40..50..60..70..80..90..100

ans =

    0.9343    0.9416    0.9635    0.9635    0.9489    0.9562    0.9708    0.9489    0.9781    0.9562
         0         0         0         0         0         0         0         0         0         0
    0.9343    0.9416    0.9416    0.9635    0.9489    0.9562    0.9708    0.9489    0.9635    0.9343
    0.5165    0.5147    0.5165    0.5037    0.5018    0.4945    0.5037    0.5183    0.5128    0.5128
    0.9416    0.9635    0.9708    0.9708    0.9708    0.9781    0.9927    0.9416    0.9927    0.9562
    0.5568    0.5513    0.5568    0.5458    0.5476    0.5403    0.5513    0.5513    0.5586    0.5513
    0.9416    0.9635    0.9635    0.9708    0.9562    0.9635    0.9927    0.9416    1.0000    0.9781
    0.6484    0.6886    0.6520    0.7326    0.6484    0.7161    0.6484    0.6447    0.6593    0.6777
    0.9489    0.9489    0.9708    0.9562    0.9197    0.9489    0.9562    0.9343    0.9854    0.9270
    0.9377    0.9579    0.9158    0.8956    0.9176    0.9744    0.9542    0.9304    0.9377    0.9231
    0.9489    0.9489    0.9635    0.9635    0.9635    0.9562    0.9781    0.9343    0.9781    0.9489
    0.0311    0.0403    0.0476    0.0385    0.0311    0.0403    0.0476    0.0348    0.0513    0.0458
    0.9489    0.9635    0.9781    0.9635    0.9781    0.9781    0.9854    0.9489    0.9781    0.9635
    0.7436    0.7381    0.7491    0.7399    0.7399    0.7381    0.7454    0.7509    0.7582    0.7564

HMN-C,E,EI: 0.9562	0	0.95036	0.50952	0.96788	0.5511	0.96715	0.67161	0.94964	0.93443	0.95839	0.040842	0.96861	0.74597
Elapsed time is 15.668257 seconds.
******** Base Bupa **********
0..10..20..30..40..50..60..70..80..90..100

